9.999966621398925781e-01
9.999998807907104492e-01
9.999200105667114258e-01
1.000000000000000000e+00
9.999997615814208984e-01
9.998896121978759766e-01
9.999983310699462891e-01
1.000000000000000000e+00
9.992871880531311035e-01
9.999729394912719727e-01
9.999922513961791992e-01
9.999934434890747070e-01
8.252773880958557129e-01
9.991763234138488770e-01
9.999990463256835938e-01
1.000000000000000000e+00
9.999969005584716797e-01
1.000000000000000000e+00
9.959015250205993652e-01
9.992187023162841797e-01
9.989078044891357422e-01
9.999705553054809570e-01
1.000000000000000000e+00
9.999861717224121094e-01
9.999997615814208984e-01
1.000000000000000000e+00
9.999399185180664062e-01
9.825075268745422363e-01
9.987450838088989258e-01
9.993770718574523926e-01
9.999976158142089844e-01
9.997159838676452637e-01
9.994736313819885254e-01
9.799766540527343750e-01
9.999988079071044922e-01
1.000000000000000000e+00
9.999446868896484375e-01
9.998689889907836914e-01
9.997535347938537598e-01
1.000000000000000000e+00
9.999727010726928711e-01
9.999997615814208984e-01
9.999643564224243164e-01
9.999772310256958008e-01
9.998309612274169922e-01
9.988045692443847656e-01
9.983454942703247070e-01
9.904372096061706543e-01
9.999997615814208984e-01
9.999994039535522461e-01
9.999827146530151367e-01
9.997953772544860840e-01
9.951464533805847168e-01
9.999699592590332031e-01
9.963647723197937012e-01
9.973098039627075195e-01
1.000000000000000000e+00
9.983040094375610352e-01
9.999995231628417969e-01
9.999995231628417969e-01
9.999992847442626953e-01
9.999986886978149414e-01
9.580541253089904785e-01
9.999752044677734375e-01
9.999860525131225586e-01
9.999207258224487305e-01
9.973977804183959961e-01
9.999750852584838867e-01
9.999991655349731445e-01
9.999951124191284180e-01
9.998543262481689453e-01
9.999949932098388672e-01
9.993890523910522461e-01
1.000000000000000000e+00
9.999990463256835938e-01
9.999998807907104492e-01
9.999997615814208984e-01
1.000000000000000000e+00
1.000000000000000000e+00
9.988436698913574219e-01
9.999974966049194336e-01
1.000000000000000000e+00
9.999116659164428711e-01
9.999923706054687500e-01
9.999955892562866211e-01
1.000000000000000000e+00
1.000000000000000000e+00
9.997903704643249512e-01
1.000000000000000000e+00
9.973237514495849609e-01
9.952402114868164062e-01
1.000000000000000000e+00
9.999984502792358398e-01
9.991306662559509277e-01
1.000000000000000000e+00
9.999581575393676758e-01
9.999989271163940430e-01
9.998538494110107422e-01
9.998216032981872559e-01
9.989149570465087891e-01
9.999998807907104492e-01
9.943766593933105469e-01
9.995805621147155762e-01
9.966771602630615234e-01
9.998345375061035156e-01
9.998451471328735352e-01
9.999997615814208984e-01
9.999965429306030273e-01
9.998211264610290527e-01
9.999883174896240234e-01
9.999996423721313477e-01
9.999998807907104492e-01
9.992631077766418457e-01
1.000000000000000000e+00
1.000000000000000000e+00
9.999700784683227539e-01
1.000000000000000000e+00
9.998871088027954102e-01
9.998451471328735352e-01
9.999873638153076172e-01
9.999961853027343750e-01
9.995301961898803711e-01
9.999848604202270508e-01
9.986743927001953125e-01
9.999822378158569336e-01
9.999998807907104492e-01
9.998559951782226562e-01
9.999995231628417969e-01
9.961376786231994629e-01
1.000000000000000000e+00
9.999998807907104492e-01
9.999232292175292969e-01
9.990586638450622559e-01
1.000000000000000000e+00
9.999998807907104492e-01
9.999756813049316406e-01
1.000000000000000000e+00
9.845245480537414551e-01
9.999806880950927734e-01
9.985519051551818848e-01
1.000000000000000000e+00
9.950359463691711426e-01
1.000000000000000000e+00
9.999816417694091797e-01
1.000000000000000000e+00
9.999990463256835938e-01
9.998315572738647461e-01
9.999934434890747070e-01
9.999997615814208984e-01
9.789841771125793457e-01
9.999953508377075195e-01
9.999701976776123047e-01
1.000000000000000000e+00
9.999577999114990234e-01
1.000000000000000000e+00
9.999997615814208984e-01
1.000000000000000000e+00
9.999948740005493164e-01
9.999991655349731445e-01
9.999980926513671875e-01
1.000000000000000000e+00
9.999989271163940430e-01
9.999953508377075195e-01
9.999938011169433594e-01
9.999997615814208984e-01
1.000000000000000000e+00
9.999903440475463867e-01
9.998403787612915039e-01
9.999307394027709961e-01
9.984835982322692871e-01
9.999879598617553711e-01
9.991663694381713867e-01
9.999998807907104492e-01
9.998606443405151367e-01
9.999667406082153320e-01
9.999992847442626953e-01
9.998674392700195312e-01
9.999995231628417969e-01
9.999972581863403320e-01
9.999699592590332031e-01
9.999979734420776367e-01
9.999964237213134766e-01
9.998706579208374023e-01
1.000000000000000000e+00
1.000000000000000000e+00
9.999996423721313477e-01
9.864648580551147461e-01
9.998564720153808594e-01
9.999982118606567383e-01
9.999959468841552734e-01
9.998403787612915039e-01
9.898505210876464844e-01
7.848292589187622070e-01
9.999786615371704102e-01
1.000000000000000000e+00
1.000000000000000000e+00
9.996516704559326172e-01
9.999991655349731445e-01
9.999992847442626953e-01
9.999971389770507812e-01
9.941148161888122559e-01
9.999970197677612305e-01
9.999873638153076172e-01
1.000000000000000000e+00
9.999997615814208984e-01
9.999967813491821289e-01
1.000000000000000000e+00
9.999663829803466797e-01
1.000000000000000000e+00
9.999996423721313477e-01
9.985985159873962402e-01
9.999917745590209961e-01
9.992270469665527344e-01
9.723295569419860840e-01
9.925204515457153320e-01
9.998499155044555664e-01
8.999534249305725098e-01
9.999994039535522461e-01
9.999874830245971680e-01
9.999998807907104492e-01
1.000000000000000000e+00
9.999939203262329102e-01
1.000000000000000000e+00
9.992604851722717285e-01
9.999985694885253906e-01
9.999427795410156250e-01
9.999811649322509766e-01
9.997500777244567871e-01
1.000000000000000000e+00
9.757466316223144531e-01
9.999990463256835938e-01
1.000000000000000000e+00
9.968920350074768066e-01
9.999998807907104492e-01
9.984956979751586914e-01
7.731617093086242676e-01
9.999998807907104492e-01
9.999980926513671875e-01
9.990511536598205566e-01
9.999504089355468750e-01
9.999516010284423828e-01
1.000000000000000000e+00
9.999094009399414062e-01
9.971321821212768555e-01
9.998930692672729492e-01
1.000000000000000000e+00
1.000000000000000000e+00
9.999897480010986328e-01
9.999998807907104492e-01
9.992318153381347656e-01
9.985023736953735352e-01
9.998997449874877930e-01
9.838039278984069824e-01
9.999991655349731445e-01
9.999998807907104492e-01
9.999188184738159180e-01
1.000000000000000000e+00
9.999668598175048828e-01
9.998952150344848633e-01
9.839525818824768066e-01
9.930226206779479980e-01
9.942743182182312012e-01
1.000000000000000000e+00
9.993817806243896484e-01
9.999939203262329102e-01
9.999940395355224609e-01
9.998747110366821289e-01
9.993827342987060547e-01
9.999978542327880859e-01
9.947388768196105957e-01
9.999983310699462891e-01
9.999901056289672852e-01
1.000000000000000000e+00
1.000000000000000000e+00
1.000000000000000000e+00
9.999995231628417969e-01
9.999994039535522461e-01
1.000000000000000000e+00
9.992442131042480469e-01
9.967964291572570801e-01
9.999693632125854492e-01
9.973835349082946777e-01
1.000000000000000000e+00
1.000000000000000000e+00
9.999997615814208984e-01
9.999998807907104492e-01
1.000000000000000000e+00
9.999996423721313477e-01
9.990711212158203125e-01
9.999574422836303711e-01
1.000000000000000000e+00
9.998136162757873535e-01
9.999998807907104492e-01
9.999972581863403320e-01
1.000000000000000000e+00
9.998873472213745117e-01
9.959570765495300293e-01
9.999983310699462891e-01
9.999759197235107422e-01
9.999642372131347656e-01
1.000000000000000000e+00
1.000000000000000000e+00
1.000000000000000000e+00
9.998527765274047852e-01
9.999810457229614258e-01
9.997875094413757324e-01
9.999978542327880859e-01
9.999997615814208984e-01
9.999560117721557617e-01
9.987818598747253418e-01
1.000000000000000000e+00
9.999986886978149414e-01
1.000000000000000000e+00
9.978600144386291504e-01
9.992921352386474609e-01
9.999997615814208984e-01
9.999966621398925781e-01
9.998898506164550781e-01
9.951635599136352539e-01
9.850412011146545410e-01
9.999724626541137695e-01
9.999996423721313477e-01
9.998210072517395020e-01
9.995182752609252930e-01
9.999105930328369141e-01
9.997057318687438965e-01
9.995806813240051270e-01
9.999760389328002930e-01
9.745162725448608398e-01
1.000000000000000000e+00
9.996613264083862305e-01
9.999972581863403320e-01
9.999561309814453125e-01
9.998859167098999023e-01
1.000000000000000000e+00
9.996471405029296875e-01
1.000000000000000000e+00
9.999687671661376953e-01
9.999961853027343750e-01
9.996736049652099609e-01
9.999989271163940430e-01
1.000000000000000000e+00
9.999998807907104492e-01
9.995250701904296875e-01
9.998363256454467773e-01
9.992700219154357910e-01
9.999996423721313477e-01
9.999517202377319336e-01
9.999908208847045898e-01
9.920776486396789551e-01
9.998307228088378906e-01
9.999781847000122070e-01
9.999969005584716797e-01
9.993399977684020996e-01
1.000000000000000000e+00
9.999998807907104492e-01
9.998092055320739746e-01
9.980410933494567871e-01
9.985404014587402344e-01
9.999992847442626953e-01
1.000000000000000000e+00
9.999636411666870117e-01
9.999972581863403320e-01
9.999607801437377930e-01
9.999976158142089844e-01
9.612033367156982422e-01
9.999998807907104492e-01
9.999893903732299805e-01
9.999971389770507812e-01
9.952993392944335938e-01
9.754778146743774414e-01
9.997857213020324707e-01
9.999881982803344727e-01
9.999965429306030273e-01
9.989776611328125000e-01
1.000000000000000000e+00
9.998103976249694824e-01
9.992721676826477051e-01
9.999998807907104492e-01
1.000000000000000000e+00
9.995902180671691895e-01
9.999996423721313477e-01
9.994300007820129395e-01
9.999489784240722656e-01
9.999716281890869141e-01
1.000000000000000000e+00
1.000000000000000000e+00
9.999998807907104492e-01
9.948371648788452148e-01
9.989407658576965332e-01
1.000000000000000000e+00
9.855701923370361328e-01
1.000000000000000000e+00
9.997319579124450684e-01
9.957991242408752441e-01
9.998961687088012695e-01
1.000000000000000000e+00
1.000000000000000000e+00
8.469524979591369629e-01
9.999967813491821289e-01
9.999938011169433594e-01
5.638951063156127930e-01
9.999587535858154297e-01
9.999973773956298828e-01
9.998282194137573242e-01
9.999992847442626953e-01
9.999995231628417969e-01
1.000000000000000000e+00
9.999980926513671875e-01
9.999753236770629883e-01
9.999979734420776367e-01
9.893269538879394531e-01
9.999974966049194336e-01
9.995841383934020996e-01
9.999990463256835938e-01
9.995843768119812012e-01
1.000000000000000000e+00
9.999995231628417969e-01
9.999989271163940430e-01
9.998911619186401367e-01
9.998576641082763672e-01
9.676055312156677246e-01
9.999992847442626953e-01
1.000000000000000000e+00
1.000000000000000000e+00
9.999271631240844727e-01
9.999966621398925781e-01
9.999672174453735352e-01
9.999867677688598633e-01
9.985721111297607422e-01
1.000000000000000000e+00
9.998848438262939453e-01
1.000000000000000000e+00
1.000000000000000000e+00
9.999310970306396484e-01
9.976453185081481934e-01
1.000000000000000000e+00
1.000000000000000000e+00
9.956828355789184570e-01
9.999982118606567383e-01
9.998387098312377930e-01
9.711359143257141113e-01
1.000000000000000000e+00
9.999798536300659180e-01
9.999998807907104492e-01
9.934460520744323730e-01
9.999996423721313477e-01
9.999574422836303711e-01
9.999985694885253906e-01
1.000000000000000000e+00
9.993438124656677246e-01
9.999998807907104492e-01
9.743143916130065918e-01
9.999656677246093750e-01
9.999877214431762695e-01
9.771618247032165527e-01
9.997386336326599121e-01
9.854655265808105469e-01
9.998794794082641602e-01
9.999994039535522461e-01
9.999201297760009766e-01
9.983171224594116211e-01
9.992721676826477051e-01
1.000000000000000000e+00
1.000000000000000000e+00
9.999998807907104492e-01
9.998944997787475586e-01
9.999998807907104492e-01
1.000000000000000000e+00
9.999629259109497070e-01
9.998813867568969727e-01
9.999948740005493164e-01
9.986434578895568848e-01
1.000000000000000000e+00
9.999723434448242188e-01
9.999514818191528320e-01
9.993805885314941406e-01
9.999996423721313477e-01
9.999907016754150391e-01
9.999796152114868164e-01
9.990245103836059570e-01
1.000000000000000000e+00
9.997112154960632324e-01
9.867657423019409180e-01
9.999976158142089844e-01
9.998530149459838867e-01
9.997741580009460449e-01
9.938110709190368652e-01
9.999743700027465820e-01
9.999092817306518555e-01
1.000000000000000000e+00
9.999883174896240234e-01
1.000000000000000000e+00
9.769360423088073730e-01
9.997726082801818848e-01
9.999730587005615234e-01
9.998114705085754395e-01
9.995606541633605957e-01
9.999955892562866211e-01
9.999887943267822266e-01
1.000000000000000000e+00
1.000000000000000000e+00
9.999998807907104492e-01
9.999881982803344727e-01
9.985713958740234375e-01
9.998314380645751953e-01
9.992751479148864746e-01
9.999998807907104492e-01
9.999400377273559570e-01
9.999974966049194336e-01
9.999901056289672852e-01
1.000000000000000000e+00
9.999927282333374023e-01
9.999951124191284180e-01
9.999268054962158203e-01
9.999997615814208984e-01
9.999178647994995117e-01
9.999997615814208984e-01
1.000000000000000000e+00
9.999998807907104492e-01
9.999383687973022461e-01
9.999991655349731445e-01
9.957795143127441406e-01
9.959263801574707031e-01
9.999989271163940430e-01
9.989205598831176758e-01
9.999994039535522461e-01
9.999836683273315430e-01
9.999816417694091797e-01
1.000000000000000000e+00
1.000000000000000000e+00
9.999955892562866211e-01
1.000000000000000000e+00
9.999960660934448242e-01
9.533154964447021484e-01
9.999877214431762695e-01
9.995318651199340820e-01
9.999998807907104492e-01
9.997207522392272949e-01
9.999994039535522461e-01
1.000000000000000000e+00
1.000000000000000000e+00
9.999529123306274414e-01
9.986994266510009766e-01
1.000000000000000000e+00
9.999656677246093750e-01
9.965822100639343262e-01
9.769247770309448242e-01
9.999991655349731445e-01
9.998706579208374023e-01
9.999985694885253906e-01
9.976475834846496582e-01
9.993261098861694336e-01
9.999741315841674805e-01
9.999960660934448242e-01
9.999134540557861328e-01
9.994885921478271484e-01
9.991098046302795410e-01
9.997794032096862793e-01
1.000000000000000000e+00
9.999985694885253906e-01
1.000000000000000000e+00
9.999998807907104492e-01
9.999419450759887695e-01
9.999990463256835938e-01
1.000000000000000000e+00
9.999998807907104492e-01
9.993880987167358398e-01
9.978597760200500488e-01
9.984428286552429199e-01
9.997745156288146973e-01
9.999334812164306641e-01
9.989431500434875488e-01
9.999955892562866211e-01
9.999984502792358398e-01
9.985921978950500488e-01
9.999662637710571289e-01
9.999352693557739258e-01
9.883351325988769531e-01
9.765592813491821289e-01
1.000000000000000000e+00
1.000000000000000000e+00
9.999998807907104492e-01
9.996515512466430664e-01
9.989904761314392090e-01
9.999972581863403320e-01
9.994999170303344727e-01
9.999991655349731445e-01
9.999995231628417969e-01
9.999451637268066406e-01
9.990346431732177734e-01
9.999997615814208984e-01
9.999998807907104492e-01
9.999876022338867188e-01
9.993139505386352539e-01
9.973810315132141113e-01
9.995319843292236328e-01
9.999989271163940430e-01
9.999989271163940430e-01
9.962744712829589844e-01
9.951975941658020020e-01
9.990743398666381836e-01
9.954845905303955078e-01
9.996389150619506836e-01
9.999998807907104492e-01
9.999935626983642578e-01
9.948713779449462891e-01
9.993957281112670898e-01
9.999300241470336914e-01
9.999997615814208984e-01
9.999704360961914062e-01
1.000000000000000000e+00
1.000000000000000000e+00
9.999984502792358398e-01
1.000000000000000000e+00
9.999992847442626953e-01
1.000000000000000000e+00
9.969924688339233398e-01
9.997105002403259277e-01
1.000000000000000000e+00
9.999877214431762695e-01
9.974410533905029297e-01
9.999288320541381836e-01
9.999877214431762695e-01
8.554829359054565430e-01
1.000000000000000000e+00
1.000000000000000000e+00
9.999516010284423828e-01
9.999669790267944336e-01
9.999996423721313477e-01
9.964529275894165039e-01
1.000000000000000000e+00
9.982931017875671387e-01
9.997534155845642090e-01
9.999816417694091797e-01
9.999997615814208984e-01
9.981253743171691895e-01
9.999111890792846680e-01
9.999877214431762695e-01
1.000000000000000000e+00
9.999608993530273438e-01
9.999802112579345703e-01
9.999625682830810547e-01
9.999730587005615234e-01
9.986309409141540527e-01
9.992383718490600586e-01
9.999623298645019531e-01
9.999997615814208984e-01
9.999989271163940430e-01
9.999198913574218750e-01
9.999288320541381836e-01
9.995729327201843262e-01
1.000000000000000000e+00
9.980390667915344238e-01
9.993342757225036621e-01
9.999965429306030273e-01
9.999997615814208984e-01
9.999809265136718750e-01
1.000000000000000000e+00
9.999819993972778320e-01
9.997096657752990723e-01
9.999001026153564453e-01
9.999991655349731445e-01
9.999997615814208984e-01
9.999871253967285156e-01
7.905378937721252441e-01
9.995717406272888184e-01
1.000000000000000000e+00
9.985670447349548340e-01
9.998859167098999023e-01
1.000000000000000000e+00
1.000000000000000000e+00
9.998177886009216309e-01
9.999941587448120117e-01
9.993363022804260254e-01
9.999995231628417969e-01
9.998859167098999023e-01
9.999992847442626953e-01
9.998311996459960938e-01
8.809800148010253906e-01
9.999998807907104492e-01
9.507295489311218262e-01
1.000000000000000000e+00
9.995703101158142090e-01
9.986786246299743652e-01
9.999997615814208984e-01
9.995000362396240234e-01
9.999862909317016602e-01
9.991077780723571777e-01
9.999951124191284180e-01
9.999688863754272461e-01
9.999971389770507812e-01
9.999995231628417969e-01
9.999543428421020508e-01
9.999359846115112305e-01
1.000000000000000000e+00
9.998395442962646484e-01
9.999991655349731445e-01
9.999972581863403320e-01
9.998941421508789062e-01
9.999634027481079102e-01
9.999796152114868164e-01
9.999155998229980469e-01
9.834400415420532227e-01
9.998371601104736328e-01
9.982684850692749023e-01
1.000000000000000000e+00
9.999787807464599609e-01
9.993378520011901855e-01
9.999988079071044922e-01
1.000000000000000000e+00
9.999998807907104492e-01
9.996401071548461914e-01
9.993075132369995117e-01
9.985539317131042480e-01
9.799033999443054199e-01
9.995250701904296875e-01
1.000000000000000000e+00
1.000000000000000000e+00
9.979356527328491211e-01
9.999030828475952148e-01
9.919106364250183105e-01
9.989843964576721191e-01
9.992334842681884766e-01
9.999998807907104492e-01
1.000000000000000000e+00
9.999973773956298828e-01
9.999136924743652344e-01
9.907578229904174805e-01
1.000000000000000000e+00
9.999628067016601562e-01
9.999638795852661133e-01
9.999946355819702148e-01
9.998290538787841797e-01
8.820997476577758789e-01
9.983440637588500977e-01
9.998855590820312500e-01
1.000000000000000000e+00
9.991807341575622559e-01
9.999538660049438477e-01
9.999994039535522461e-01
9.999998807907104492e-01
9.992477893829345703e-01
9.995947480201721191e-01
9.959065914154052734e-01
8.235813975334167480e-01
9.998487234115600586e-01
9.999932050704956055e-01
9.999694824218750000e-01
9.999994039535522461e-01
7.239027023315429688e-01
9.999955892562866211e-01
1.000000000000000000e+00
1.000000000000000000e+00
9.999991655349731445e-01
9.999293088912963867e-01
9.955278038978576660e-01
9.999120235443115234e-01
1.000000000000000000e+00
9.796242713928222656e-01
6.358259320259094238e-01
9.919164776802062988e-01
1.000000000000000000e+00
4.982210755066773800e-10
2.902727146647521295e-06
2.024034503847360611e-03
7.096697117958683521e-06
1.237657102137745824e-06
1.913824235089123249e-05
1.725236326456069946e-02
7.251735922864099848e-08
1.761758903739973903e-05
6.099008023738861084e-04
3.229911751942492019e-15
3.023601857421454042e-05
2.795620730466907844e-06
9.853660110081818857e-09
2.321496594959171489e-06
3.074246990308893146e-08
6.244841963052749634e-03
1.817902911538382682e-10
1.114193806661667452e-12
2.414049813523888588e-03
7.401776969118145644e-08
6.171013116836547852e-01
1.457235521229449660e-05
1.676126266829669476e-04
1.026875088427914307e-05
2.552541445766109973e-05
4.477516135636960826e-09
1.072754002962028608e-06
7.914061658084392548e-03
8.445167622994631529e-06
1.695223181741312146e-05
5.322680772697208074e-13
2.196848811490022969e-18
5.329020336120038337e-09
1.252249442040920258e-02
2.727447463257703930e-05
4.049360995850292966e-06
9.187230170937255025e-05
1.011051381505367885e-10
5.058428723714314401e-05
1.012926335207525188e-16
2.012588642537593842e-02
2.320931429267147905e-07
1.570044696563854814e-05
2.907889393100049347e-05
3.488578659016638994e-05
2.865298665710724890e-05
4.382922197692096233e-04
1.511117631025626906e-07
1.015602606457832735e-07
2.036583737208275124e-06
7.836584679787872432e-12
1.467931158571911254e-11
4.327849019318819046e-03
1.028678729198873043e-03
3.570757231563526091e-11
1.502968558497741469e-07
2.974635735154151917e-02
3.199886486981995404e-05
1.481827581301331520e-03
6.223271787166595459e-02
3.087243127808392273e-09
3.877182060264171420e-18
6.067952606827020645e-03
5.367868015316787367e-16
4.577003664962830953e-07
5.577403816570125628e-11
3.413863972328429197e-14
1.701916218735277653e-03
1.939916671744867926e-08
5.106425078338361345e-07
4.097715951502323151e-03
1.649393865932324843e-08
3.702750345918603969e-12
7.958639081095952861e-09
7.743048627162352204e-06
5.732790227947360824e-19
4.516310014770347214e-13
1.796269621760770985e-12
1.075781369763717521e-06
2.305232783328392543e-06
1.034639659337699413e-03
7.273441156030457933e-07
1.975572483381426991e-12
3.664999042030103737e-07
4.259586390206737683e-13
1.718519441783428192e-02
2.166055492125451565e-05
7.371861138381063938e-04
1.172471311292611063e-04
5.371312363422475755e-05
7.152607395255472511e-09
1.246312604052945971e-04
9.842837229371070862e-03
1.270380867168796613e-08
3.660639436020574067e-07
5.843329927301965654e-05
1.223262896702305384e-17
4.151520442974288017e-06
4.554536644718609750e-06
8.286109732682543703e-18
1.790038950275629759e-04
1.060740053653717041e-01
5.580286961048841476e-04
1.393807027488946915e-02
7.424780778819695115e-05
1.512183156471280654e-09
5.283776545184082352e-07
8.032013283809646964e-05
1.352284927480307918e-23
1.276280556933295784e-11
6.770741947548231110e-06
1.923897781537509122e-13
7.836510954040143417e-12
3.722944762557744980e-03
1.860605261754244566e-04
2.069232563073342135e-09
7.602327241329476237e-05
3.513474250212311745e-03
4.368187801446765661e-04
2.659782767295837402e-03
2.870486014217021875e-06
2.461607861992121116e-10
4.260290552338119596e-06
5.011910252505913377e-05
4.528908990323543549e-03
4.182519148798746755e-07
8.472388799418695271e-07
6.290066085057333112e-05
1.379229215672239661e-04
1.380150109753230936e-07
9.050129847310017794e-06
9.521822212263941765e-04
5.038632545620203018e-03
3.462012273303116672e-06
1.550433162389973363e-14
1.048246776917949319e-04
3.198804915882647038e-04
7.108797581167891622e-05
1.489301126866848790e-09
1.147210581739499524e-14
1.266632934746307163e-23
1.996015991378996546e-10
5.170898657524958253e-05
1.573321060277521610e-05
9.777536392211914062e-01
4.847218394279479980e-01
3.724099144619685831e-07
2.274594269692897797e-03
4.077751825093400839e-08
2.086499790721063619e-07
5.741915032331235125e-08
1.610746380720229354e-08
2.746706513789831661e-06
2.939871450121679664e-14
5.548760600504465401e-05
1.244630857399897650e-05
1.682665470070787705e-06
2.186717465519905090e-03
2.870890591227803768e-12
1.184854081168196238e-13
2.103827864630147815e-04
4.232354986015707254e-04
9.299196302890777588e-03
1.750139069041020679e-13
2.479492282624523635e-16
8.765231905272230506e-05
1.915743513206849746e-20
2.817411441355943680e-04
1.175861769064923124e-10
5.802457453683018684e-04
9.319434601199466650e-14
1.141372013080399483e-05
7.848530076444149017e-03
7.968682795763015747e-03
3.671190427212422946e-07
1.701733912341296673e-03
3.101212087130988948e-07
2.980388526339083910e-04
4.742007702589035034e-03
2.506995999684846765e-10
2.886131654847301498e-12
3.845620002995708830e-12
5.305217528304984054e-13
3.380141219005983189e-13
5.019113450543954968e-05
3.369444389316199372e-16
1.070503890514373779e-02
1.382674789056181908e-03
1.812702044844627380e-03
7.371917035925434902e-06
3.423919202759861946e-03
1.199798731477130787e-07
1.032844210158145870e-07
1.234470680356025696e-02
7.906165166993162075e-10
2.519152258173562586e-05
1.536599593237042427e-04
1.725047188427808464e-10
6.312021287158131599e-05
2.036264166235923767e-02
1.192188392451498657e-05
2.998470178747214554e-12
5.827103086630813777e-05
2.156659960746765137e-02
2.191822603344917297e-02
3.590233461636671564e-07
1.186385745199913799e-08
3.337003581691533327e-04
1.042277514934539795e-01
7.724280469119548798e-03
4.328523118601879105e-06
4.308707275413325988e-07
2.420098317088559270e-04
4.611054464476183057e-06
4.375181106297532097e-08
4.278053022943595352e-09
1.584772348905971739e-06
2.138351264875382185e-04
2.144387569475837986e-18
7.252563868265239404e-20
6.626878530369140208e-07
1.507453154772520065e-02
3.571045403827355358e-10
1.482053413326411828e-08
1.113875640612604911e-07
4.164071977138519287e-01
1.273963844573150483e-13
5.824683048166398591e-14
1.539397089800331742e-07
1.456007739761844277e-04
9.696374036138877273e-06
7.536651683039963245e-04
1.536744530312716961e-04
2.025931507887435146e-06
2.327689617231953889e-05
8.480302058160305023e-03
6.948857844690792263e-08
3.979378088843077421e-04
1.334804389625787735e-02
1.770353890151454834e-07
1.959142709173633534e-10
2.326211688341572881e-05
4.185151780689011503e-08
2.408577274763956666e-04
1.263917255300839315e-07
5.730928853154182434e-03
2.884778860221307549e-15
8.359247516409595846e-09
4.463679488253546879e-07
4.416113843694596114e-15
7.340801033706156886e-08
1.922882795333862305e-01
5.991636775434017181e-03
1.098249194910749793e-04
2.593662173921984504e-09
1.318433322012424469e-02
3.357541747391223907e-03
1.730115860700607300e-01
2.488481243290152634e-07
8.639309089630842209e-04
2.526160869820159860e-06
3.954169340431690216e-03
2.176950374632724561e-06
5.884155980311334133e-04
3.092152089934074866e-09
4.921091658616205677e-06
8.436425559921190143e-05
1.468769623897969723e-04
3.156961383865564130e-06
3.257288481108844280e-04
1.135204001911915839e-05
1.051913714036345482e-04
6.766558726667426527e-07
5.144657916389405727e-05
5.839799414388835430e-04
6.847300483059370890e-06
2.057627352769486606e-05
2.503633499145507812e-03
3.564472717698663473e-04
3.680894224089570343e-05
2.870578796887457429e-08
4.911363357678055763e-04
1.941171009093523026e-03
2.390871195820246445e-16
2.938702818937599659e-04
1.294318849431874696e-06
1.220148530676770264e-19
7.028166237432742491e-06
3.498789446894079447e-04
3.553553511967703568e-15
4.666803578236462802e-14
7.586663286929251626e-06
1.135276257991790771e-02
1.335536837577819824e-01
3.275516036183034885e-08
3.500634629745036364e-04
1.446599071641685441e-06
5.400998052209615707e-03
2.390738274016257492e-09
9.887763299047946930e-04
4.015735387802124023e-01
2.292477583978325129e-04
9.454263636143878102e-05
1.236745816868278780e-09
2.859747968614101410e-03
2.313117031008005142e-03
4.493844171520322561e-04
2.228478859778171284e-11
5.615882109850645065e-04
6.099442543927580118e-06
2.400192674820167404e-12
5.496941235527685876e-10
1.724742015873914625e-09
3.187749098287895322e-05
3.418366460662854156e-14
6.450971704907715321e-05
8.881403425198275414e-12
3.865579145667652483e-08
8.242845517258956534e-09
2.847961441148072481e-04
2.543721620895667002e-06
4.655830929123361273e-11
2.747913589701056480e-03
2.178348040615674108e-05
2.646885150170419365e-05
1.559117925353348255e-03
4.583887057378888130e-04
1.101995367207564414e-04
3.693540692329406738e-01
1.085890398826450109e-04
7.044217636575922370e-05
4.366674402263015509e-04
9.412757935933768749e-05
6.047653155170917838e-13
3.204867766726238187e-07
1.364975143224000931e-02
3.462534223217517138e-04
2.933060168288648129e-04
1.697770585451507941e-06
2.407088177278637886e-03
4.309240464461794318e-12
5.251072179354114564e-22
8.183688171570224767e-10
1.643128855199904592e-09
5.412028171122074127e-03
5.624610821541864425e-06
8.914992818530071713e-19
4.972137394361197948e-04
8.715071999176871032e-06
2.521870769930164466e-19
2.855519119770999481e-11
8.752566671432759904e-09
2.875083055187133141e-06
3.914131084457039833e-04
2.879219027818180621e-05
8.025042319559361204e-08
1.722154224781391463e-10
1.395947833771060687e-06
3.757453523576259613e-03
6.089972448535263538e-04
1.002112476271577179e-04
1.255072206258773804e-01
1.880226074717938900e-03
4.361823201179504395e-03
3.836076357401907444e-04
8.807799645182967652e-07
1.358795259147882462e-02
6.743467562131399973e-09
7.192379030129814055e-07
2.857478284568060189e-05
5.622786503067800368e-08
4.143925325479358435e-04
2.465222860337235034e-05
7.706919859629124403e-05
1.411421294505998958e-06
8.739358236198313534e-06
3.499756793552775979e-22
6.819116382672518739e-10
1.260944820780096620e-11
5.901305703446269035e-04
1.371018472127616405e-03
1.284950833869345733e-16
1.891009321786790709e-13
1.176059575246080069e-13
6.139120159787125885e-06
4.223334182373861267e-10
4.072012234246358275e-05
7.254108425058802823e-10
1.479107092881848384e-13
7.311136126518249512e-01
1.840030774474143982e-02
6.638652682304382324e-01
2.186905185226351023e-04
1.706084795296192169e-02
2.215460870313989972e-10
7.590048480778932571e-04
3.060343033212120645e-06
2.279990818351507187e-03
2.260638893858413212e-06
7.286922482308000326e-06
2.210849905925904579e-11
2.244417762753414536e-09
1.195007916976464912e-05
6.347845982190847280e-08
4.739652504213154316e-04
9.962190985679626465e-01
3.361776967913954195e-10
5.059081625846673091e-12
1.970435958355665207e-03
2.720138525164647429e-15
5.859368946403264999e-03
3.656651824712753296e-05
4.083758394699543715e-04
1.225100909607590438e-09
5.527743724087486044e-06
2.057800302281975746e-03
1.420825083187082782e-05
1.557282521389424801e-03
1.051646005362272263e-02
4.891206324100494385e-02
3.326253499835729599e-05
3.619502995142291573e-19
7.898936928540933877e-06
1.552836224436759949e-02
3.596374256176204653e-07
1.101662205904574421e-09
7.255956546714514843e-08
3.129038361748825992e-08
1.290793344378471375e-02
5.167156980068199346e-11
3.199960641516591542e-13
1.274152339192369254e-07
1.524943399999756366e-05
1.765381625773443375e-06
8.294347207993268967e-05
1.386131089020636864e-06
6.476998493099017651e-08
9.112572030289811664e-09
5.885142600163817406e-04
1.675744424574077129e-03
6.741407105437247083e-06
1.000399570330046117e-04
6.182298761814308818e-07
9.194414118951499404e-10
2.456305341416720189e-12
9.396040695719420910e-04
7.123395091971109233e-19
7.247929461300373077e-04
2.121479838024242781e-06
8.777611242294369731e-07
1.014963781926780939e-04
6.066426867619156837e-04
1.585739644977636259e-17
1.148800947703421116e-07
2.821345587711299174e-12
3.613037279137643054e-06
1.323767355643212795e-03
3.709598275260239664e-13
9.713105699523522096e-14
8.104649590334744858e-11
2.267963074287226988e-11
3.485478833317756653e-02
1.362663593074131541e-10
1.056941036949865520e-04
1.170457231570304346e-15
6.841608524155162740e-08
6.675683835055679083e-06
5.529225338250398636e-03
4.008216258899466311e-10
1.622933632461354136e-04
7.550227921456098557e-03
2.280635235365480185e-04
1.974474434973672032e-05
2.795726705695500414e-10
1.486422144807875156e-03
1.360411232553815353e-07
4.146713472437113523e-04
1.804307103157043457e-01
2.109255695451062174e-13
1.111276310922247875e-18
6.132841008366085589e-06
4.335796984378248453e-05
1.078223586082458496e-01
1.729103132674936205e-05
3.220192684147459364e-15
1.503618918263782689e-08
9.321548859588801861e-04
1.760598737746477127e-03
3.001044888151227497e-06
3.482589590930729173e-06
2.475246583344414830e-05
3.108024364337325096e-03
1.378228020598726289e-08
1.119139358962684128e-08
2.168602198362350464e-01
5.787698319181799889e-04
2.734305104240775108e-03
2.080445479112806931e-15
3.989865649107881423e-17
1.050343989561497438e-08
5.822658639422460813e-15
4.349172194598378317e-16
4.592415692172835406e-08
3.249280185191327774e-13
3.463689237833023071e-02
1.182105734187643975e-05
1.727767776939226341e-13
9.500337182544171810e-04
5.313838119036518037e-05
6.391787337634013966e-06
1.731416523398365825e-05
5.149666248982498473e-10
4.952644758304813877e-06
5.078289344595532384e-09
9.248469154954364058e-07
9.966275840997695923e-02
2.182259457185864449e-03
1.899325315080080401e-11
3.930583479814231396e-04
1.338756680488586426e-01
3.904511262919907466e-12
4.951664595864713192e-04
1.794448790948255379e-11
2.976132975618384080e-07
8.260495694585590076e-15
3.679096116684377193e-04
1.697781861929523184e-13
1.686267069089808501e-06
4.182851989753544331e-04
2.662362196074194789e-15
1.828652557378518395e-06
3.298400011649273183e-19
4.852147128531214548e-09
5.548543222100299488e-11
2.109960041707381606e-05
1.182205722205509346e-10
1.333858449470426422e-06
8.986052457693460838e-10
1.733741606585681438e-03
1.519980025477707386e-03
2.361412334721535444e-04
1.174407152575440705e-04
1.059874875863897614e-06
4.586635623127222061e-05
9.336362563772127032e-05
6.752731278538703918e-03
1.633497158763930202e-04
1.660930837310559127e-10
6.020700093358755112e-04
5.446580252782551312e-12
7.220137265839809970e-10
7.064129931677598506e-06
1.896119442790222820e-06
1.820748904719948769e-03
5.367633448827291431e-08
4.039687610202236101e-06
3.905495589151541935e-07
1.595197338588353184e-18
1.245698821872309736e-10
4.105451080249622464e-05
2.063026613541296683e-06
1.920338110750208216e-09
5.767164379358291626e-02
1.023978833109140396e-02
1.639901893213391304e-04
1.270855573238804936e-04
1.414274447597563267e-03
9.999767541885375977e-01
8.296129294649290387e-08
1.318590044975280762e-01
3.003969031851738691e-04
2.638602154547697864e-06
2.294159769111476371e-14
9.394807368516921997e-02
5.065851027552525920e-08
3.074028119727512109e-13
7.368712249444797635e-05
1.047296804834729755e-09
4.947658283072087215e-09
6.338502280414104462e-04
1.532060450726291378e-10
4.031544733607006492e-07
8.711491711437702179e-03
2.625141178214107640e-06
1.176500981055553230e-14
2.072050343804310302e-11
2.652166040206793696e-05
2.011695141845848411e-05
1.104377770388964564e-05
3.404131631527113067e-13
3.379614810228304123e-08
1.577149305376224220e-06
1.104042632505297661e-03
8.183993285004694599e-23
5.533931016543647274e-06
1.484472278434623149e-08
7.515599520502291853e-08
8.968278765678405762e-03
3.294964523448129512e-09
1.517905376044459409e-12
4.299067426472902298e-03
3.865774488076567650e-06
4.442666657269001007e-03
1.586575526744127274e-04
4.402588871244006441e-08
5.560076981782913208e-02
2.891016192734241486e-04
4.237346047375467606e-07
1.568677951581776142e-03
1.457328617107123137e-04
2.401849064689182134e-13
4.316255901282974582e-20
4.895022234774337733e-11
1.977216243176371790e-06
9.052282548509538174e-04
9.267706627724692225e-05
1.889754344119864982e-06
1.568484492599964142e-02
4.708724787860774086e-08
1.043398593639182408e-17
2.207449688285123557e-05
6.402234475899604149e-08
4.622365534305572510e-01
7.929591462016105652e-03
1.576862559886649251e-04
7.904744707047939301e-03
2.911435331043321639e-06
1.286678229239779370e-11
1.942114067787770182e-06
4.474904562812298536e-05
1.428515766747295856e-03
2.730654938276622090e-11
8.919392712414264679e-04
4.231097961685144349e-14
2.087738204537004094e-09
9.635668902774341404e-07
3.897989431234094582e-10
1.860511256381869316e-04
3.918477887054905295e-06
3.070180828217417002e-04
4.209447433822788298e-05
1.450472294356464076e-11
2.061850601364767499e-08
6.843187350114021683e-08
5.838068872776602802e-08
1.386984251439571381e-03
4.957697115060000215e-07
5.980668356642127037e-04
2.591965541937774065e-13
3.318257804494351149e-04
1.856667375399467801e-09
3.222321684006601572e-04
6.817480607823611649e-13
2.988541928061749786e-05
4.014967271359637380e-05
1.328677285528101493e-06
3.543976843357086182e-01
1.120908734719705535e-07
4.233452491462230682e-04
2.996888964746334538e-14
4.055172198036416376e-09
2.022998712991608272e-10
3.040192950720665976e-06
7.098059029431169620e-08
2.239947766065597534e-02
4.929618995994089481e-13
1.460681960452347994e-05
1.118041618610732257e-04
1.870903797680512071e-04
7.955222390592098236e-03
2.346124674659222364e-04
9.360833814753277693e-07
1.154733542352914810e-02
5.950478824956473289e-12
1.426939348903033533e-07
1.564918784424662590e-05
1.398151925968704745e-05
5.934282754083142208e-08
1.990142300201114267e-05
1.305643003433942795e-02
6.352709897328168154e-05
1.487008848926052451e-04
1.582442928338423371e-05
5.149083212018013000e-02
6.803988799219951034e-05
2.779270871542394161e-04
8.179810606634418946e-08
6.565772764588473365e-06
1.880488412098202389e-06
9.584322469891048968e-06
2.537372056394815445e-03
2.554789435560422817e-10
1.714297752641869010e-07
2.772627905045510488e-09
1.702243594081664924e-06
3.182118110678366918e-11
1.405813265591859818e-03
5.352835046323889401e-07
4.010199308395385742e-01
1.875696943898219615e-05
6.720494399391587544e-17
5.689453682862222195e-04
1.513069272041320801e-01
2.276759239038667060e-13
4.199091563350521028e-05
4.532811015423021672e-09
5.365602078200026881e-07
8.637259725219337270e-07
9.267504097465462110e-09
1.419806620106101036e-03
8.424345403909683228e-02
3.748082733068258676e-09
8.276969310827553272e-06
5.353860584034197956e-12
7.807833526385365985e-07
2.688280709151058545e-10
1.739241088216658682e-05
4.816981672775000334e-04
3.964466558856183376e-14
1.860239863162860274e-04
3.357938649362068873e-10
1.016584224998950958e-02
9.203370865407123347e-08
3.493432032541932131e-08
9.611476343707181513e-07
5.749480058714340203e-11
2.476110115556817703e-11
8.999783894978463650e-04
1.433867000741884112e-04
7.798305749893188477e-01
3.897805633812367887e-09
7.263168809004127979e-04
1.312771592820727307e-11
2.089547912476064084e-08
3.457339189480990171e-04
8.080805644043968081e-25
4.476594767766073346e-05
4.199071190669201314e-05
2.790455473586916924e-03
8.947148799620663340e-09
2.589879954939533491e-07
9.988805572611059169e-13
1.724889734759926796e-04
3.249343308198149316e-06
3.397623077034950256e-02
7.487958924400010236e-26
7.249146699905395508e-02
5.896676924521671026e-08
1.628573272682842799e-06
8.613957762718200684e-01
9.829914051806554198e-05
1.992261043637366669e-11
3.044266952201724052e-03
6.679987905044981744e-07
1.305705266130274822e-10
1.960903638973832130e-03
1.070744264870882034e-02
7.458346226485446095e-05
1.534199982415884733e-04
1.393396991501905839e-16
1.185699177730370479e-10
3.964327697758562863e-05
4.558326676487922668e-03
5.210914017874259841e-18
2.057597227394580841e-02
5.906175647396594286e-05
